- name: Home
  radius: 200
  latitude: 52.0354413
  longitude: 1.1322328


